ISS (ZARYA)             
1 25544U 98067A   08264.51782528 -.00002182  00000-0 -11606-4 0  2927
2 25544  51.6416 247.4627 0006703 130.5360 325.0288 15.72125391563537
SES-9                   
1 41380U 16013A   16088.94321532 -.00000402  00000-0  00000+0 0  9995
2 41380   0.1369 253.9559 1123822 274.8936 109.2750  1.00122131   323
FALCON 9 R/B            
1 41381U 16013B   16087.98861961  .00001159  00000-0  17610-2 0  9991
2 41381  27.9019 340.8136 7501703 189.9391 135.1696  1.97428959   459
EUTELSAT 65 WEST A      
1 41382U 16014A   16090.19809084 -.00000278  00000-0  00000+0 0  9992
2 41382   0.0568  75.0677 0001777 304.4584 197.3138  1.00271888   233
ARIANE 5 R/B            
1 41383U 16014B   16089.77526301  .00002520  00000-0  34647-3 0  9992
2 41383   0.5148  71.6898 7286475 189.0972  17.9731  2.29125063   461
IRNSS-1F                
1 41384U 16015A   16089.47343583  .00000141  00000-0  00000+0 0  9999
2 41384   5.0780 274.3750 0020698 173.5886 302.1519  1.00272787   277
PSLV R/B                
1 41385U 16015B   16087.64902180 -.00000068  00000-0  00000+0 0  9990
2 41385  17.7055 262.7091 6089103 203.4054 109.5680  3.91354317   678
RESURS P3               
1 41386U 16016A   16090.02370520  .00006972  00000-0  22947-3 0  9992
2 41386  97.2817 185.1477 0004625 178.8846 299.2846 15.31805202  2504
SL-4 R/B                
1 41387U 16016B   16090.22851473  .00067330  34503-5  37159-3 0  9992
2 41387  97.3156 186.1792 0112451 356.9319   3.1238 15.71020220  2582
BREEZE-M DEB [TANK]     
1 41390U 16017C   16088.91867506 -.00000032  00000-0  00000-0 0  9993
2 41390  51.5909 317.6217 5902618 104.2874 324.6871  3.82571958   584
SOYUZ-TMA 20M           
1 41391U 16018A   16088.54960402  .00004094  00000-0  68682-4 0  9998
2 41391  51.6429 100.2107 0002198   7.9596 135.0734 15.54275659  1513
CYGNUS OA-6             
1 41393U 16019A   16088.54960402  .00004094  00000-0  68682-4 0  9991
2 41393  51.6429 100.2107 0002198   7.9596 135.0734 15.54275659   851
COSMOS 2515             
1 41394U 16020A   16090.19825385 -.00000062  00000-0  00000+0 0  9995
2 41394  97.6358  29.5273 0038157 246.0724 253.5198 14.99469927   887
SL-4 R/B                
1 41395U 16020B   16089.77320183  .00027887  00000-0  36705-3 0  9992
2 41395  97.6421  29.2878 0158398  48.9729 312.5676 15.44882324   834
2016-021A               
1 41434U 16021A   16090.04406469  .00000014  00000-0  00000+0 0  9999
2 41434  55.0363  77.4399 7301489 174.7888 159.5447  2.28104483    01
2016-021B               
1 41435U 16021B   16090.08854155  .00000017  00000-0  00000+0 0  9996
2 41435  54.9553  77.8152 7273252 174.7166 198.0574  2.30371458    18
